Some((
    red: 0.45493665,
    green: 0.79289913,
    blue: 0.94355714,
))