Some((
    red: 0.12086621,
    green: 0.12086621,
    blue: 0.18500298,
    alpha: 1.0,
))